Legend Damage Taken
1 426.92
2 408.49
3 403.04
4 402.17
5 406.82
6 414.92
7 429.88
8 416.33
9 407.64
10 415.49
11 416.33
12 414.54
13 418.79
14 416.36
15 411.81
16 404.35
17 413.02
18 428.35
19 409.16
20 417.45
21 418.05
22 405.65
23 432.87
24 421.73
25 409.95
26 416.53
27 403.54
28 402.49
29 409.28
30 413.89
31 403.26
32 407.29
33 403.68
34 394.81
35 403.06
36 409.65
37 416.6
38 417.87
39 410.8
40 408.18
41 420.35
42 416.03
43 413.05
44 410.04
45 411.1
46 399.44
47 415.35
48 400.5
49 421
50 393.92
51 408.43
52 418.21
53 417.38
54 395.04
55 403.22
56 427.12
57 413.76
58 407.52
59 414.29
